<version="1.0"/>
<name="GeneratedMap.txt"/>
<map>
0000000000000000000000000000000000000000000000000000000000000000000000000000000000000000000000000000
0000000000000000000000000111100000000000000000000000000000000000000000000000000000000000000000000000
0000000000000000000000001100110000000000000000000000000000000000000000000000000000000000000000000000
1111111111111111111111111000011111000000000000000000000000011100000000000000000000000000000000000000
0000000000000000000000000000000001000000000111111111111111100100000000000000000000000000000000000000
0000000000000000000000000000000001111111111100000000000000000010000000000000000000000000000000000000
0000000000000000000000000000000000000000000000000000000000000010000000000000000000000000000000000000
0000000000000000000000000000000000000000000000000000000000000010000000000000000000000000000000000000
0000000000000000000000000000000000000000000000000000000000000010000000000000000000000000000000000000
0000000000000000000000000000000000000000000000000000111110111100000000000000000000000000000000000000
0000000000000000000000000000000000000000000001111111000100000000000000000000000000000000000000000000
0000000000000000000000000000000000000000001111000000000100000000000000001111111111111111100000000000
1110000001111111111111111111111101111111111000000000000011111111111111010001000000000000011111111111
0000000011000000000000000000000000001000000000000000000000000000000010000001000000000000000000000000
0000000010000000000000000000000000001000000000000000000000000000000011111111000000000000000000000000
0000000010000111000000000000111110001000000000000000000000000000000000000000000000000000000000000000
0000000010111101111111111111100001111000000000000000000000000000000000000000000000000000000000000000
0000000011100000000000000000000000000000000000000000000000000000000000000000000000000111000000000000
0000000000000000000000000000000000000000000000000000000000000000000000000000000000011101000000000000
0000000000000000000000000110000000000000000000000000000000000000000000000000000011110001000000000000
0000001111111100000000001011000000000000000000000000000000000000111111111111111100000001000000000000
1110111010000100001000011010101101111111111111111111111111111110100000000000000000000001000000000000
0000100000000100000000001000100000000000000000000000000000000000000000000000000000000001000000000000
0000100000000110000000110000110000000000000000000000000000000000000000000000000000000000000000000000
0000100000000011111111100000010000000000000000000000000000000000000000000000000000000010000000000000
0000100000000000000000000000010000000000000000000000000000000000000000000000000000000100000000000000
0000100000000000000000000000010000000000000000000000000000000000000000000000000000001100000000000000
0000100000000000000000000000010000000000000000000000000000000000000000000000000000010000000000000000
0000100000000000000000000000011000000000000000000000000000000000000000000000000000110000000000000000
0000100000000000000000000000001000000000000000000000000000000000000000000000000001100000000000000000
0000010000000000000000000000000110100000111101110111100000000000000000000000001110000000000000000000
0000010000000000000000000000000000001111100000000000110000000000000000000001110000000000000000000000
0000001110000000000000000000000000000000110100100010001010101011101111111111000000000000000000000000
0000000001110000000000000000000000000000011000000000000111000000000000000000000000000000000000000000
0000000001111111100000000000000000000000011000000000000001100000000000000000000000000000000000000000
0000000110011000111111100100010010100000110000000000000000110000000000000000000000000000000000000000
0000000100001000000000000000000000001101000000000000000000001100000000000000000000000000000000000000
0000001000001100000000000000000000000000000000000000000000000010000000000000000000000000000000000000
0000001000000110000000000000000000000000000000000000000000000000100000000000000000000000000000000000
0000011000000011000000000000000000000000000000000000000000000000011000000000000000000000000000000000
0000010000000001100000000000000000000000000000000000000000000000000011100000000000000000000000000000
0000010000000000010000000000000000000000000000000000000000000000000000011111111111111000000000000000
0000010000000000001100000000000000000000000000000000000000000000000000000000000000000110000000000000
0000010000000000000101000000000000000000000000000000000000000000000000000000000000000011000000000000
0000100000000000000000000101100000000000000000000000000000000000000000000000000000000001000000000000
0001100000000000000000000000010011000000000000000000000000000000000000000000000000000001000000000000
1101000000000000000000000000000000010010111101101111110000000000000000000000000000000010000000000000
1000000000000000000000000000000000000011110110100000011100000000000000000000000000000101111000000000
1000000000000000000000000000000000001110000000000100100111000000000000000000000000001000001100000000
1000000000000000000000000000000000011000000000000000001011100000000000000000000000010000000010000000
1100000000000000000000000000000000100000000000000000000000110011001000100100010010000000000001000000
0011000000000000000000000000000011000000000000000000000000001110000000000000000000000000000001000000
0000111000100000000000000000000110000000000000000000000000000000110000000000000000000000000001000000
0000011000000001000100111101111000000000000000000000000000000000001110000000000000000000000001000000
0000001100000000000001000100000000000000000000000000000000000000001111100000000000000000000001000000
0000000011011011111110000100000000000000000000000000000000000000001010010111111111111000000001000000
0000000000000000011000000010000000000000000000000000000000000000011010000000000000000100000110000000
0000000000000000000000000010000000000000000000000000000000000000010001000000000000000011111000000000
0000011100000000000000000011000000000000000000000000000000000000110000100000000000000000000000000000
0101000011000000000000000000100000000000000000000000000000000001100000100000000000000000000000000000
1100000001010000000000000000010111000000000000000000000000000011000000011000000000000000000000000000
1000000000000000000000000000000000011111000000000000000000000110000000001000000000000000000000000000
1000000000010000000000000000000000000001111100000000000010101000000000001000000000000000000000000000
1000000000010000000000000000000000000000000001101010100100000000000000000000000000000000000000000000
1000000000001000000000000000000000000000000000000000000000000000000000010000000000000000000000000000
0000000000001000000000000000000000000000000000000000000000000000000000100000000000000000000000000000
1000000000000100000000000000000000000000000000000000000000000000000000100000000000000000000000000000
0000000000000100000000000000000000000000000000000000000000000000000001100000000000000000000000000000
1000000000000000000000000000000000000000000000000000000000000000000011000000000000000000000000000000
0000000000000010000000000000000000000000000000000000000000000000000100000000000000000000000000000000
0000100000000010000000000000000000000000000000000000000000000000110000000010010010100000000000000000
0000000100000001100000000000000000000000000000000000000000110100000000010000000000100000000000000000
0000000001010000101100000000000000000000000000000010010100000000000000000000000011100000000000000000
0000000000000010000011100100000000000000000000010000000000000000000001000000000101010000000000000000
0000000000000000001000000000110101001010100101000000000000000000001000000000000000000000000000000000
0000000000000000000001001010100000100010100100001000010001000100000000000000001000010000000000000000
0000000000000000000000000000000000000000000000000000000000000000000000000000010010001000000000000000
0000000000000000000000000000000000000000000000000000000000000000000000000000100000001000000000000000
0000000000000000000000000000000000000000000000000000000000000000000000000000100010010000000000000000
0000000000000000000000000000000000000000000000000000000000000000000000000000000101000100000000000000
0000000000000000000000000000000000000000000000000000000000000000000000000001000101000010000000000000
0000000000000000000000000000000000000000000000000000000000000000000000000001000101000001000000000000
0000000000000000000000000000000000000000000000000000000000000000000000000001000001000001000000001111
0000000000000000000000000000000000000000000000000000000000000000000000000010000000101001100100001000
0000000000000000000000000000000000000000000000000000000000000000000000000000000000000000000100010000
0000000000000000000000000000000000000000000000000000000000000000000000000010000000000001001000010000
0000000000000000000000000000000000000000000000000000000000000000000000000010000000000001001000010000
0000000000000000000000000000000000000000000000000000000000000000000000000010000000000001001000010000
0000000000000000000000000000000000000000000000000000000000000000000000000011000000000110001110100000
0000000000000000000000000000000000000000000000000000000000000000000001110101011110111100000010100000
0000000000000000000000000000000000000000000000000000000000000000000001000000110000100011000100100000
0000000000000000000000000000000000000000000000000000000000000000000011100000001101000001000100100000
0000000000000000000000000000000000000000000000000000000000000000000000110000000110011011111111000000
0000000000000000000000000000000000000000000000000000000000000000000000001111111000000000000000000000
0000000000000000000000000000000000000000000000000000000000000000000000000000000000000000000000000000
0000000000000000000000000000000000000000000000000000000000000000000000000000000000000000000000000000
0000000000000000000000000000000000000000000000000000000000000000000000000000000000000000000000000000
0000000000000000000000000000000000000000000000000000000000000000000000000000000000000000000000000000
0000000000000000000000000000000000000000000000000000000000000000000000000000000000000000000000000000
0000000000000000000000000000000000000000000000000000000000000000000000000000000000000000000000000000

</map>
